Training time - 0.390003
Testing time - 0.0312002 
Train confusion matrix
C_train =

     0     0
    35   215

Train accuracy 0.86  
Validation confusion matrix
C_val =

   369    81
    30   120

Val accuracy 0.815  
Test confusion matrix
C_test =

   237    63
    17    83

Test accuracy 0.8  

best_C =

    0.0360


best_g =

    4.4000