Fixed point iteration method
Training time - 1.04521
Testing time - 0.0156001
Train confusion matrix
C_train =

     0     0
    35   215

Train accuracy 0.86  
Validation confusion matrix
C_val =

   372    78
    29   121

Val accuracy 0.821667  
Test confusion matrix
C_test =

   240    60
    17    83

Test accuracy 0.8075  

best_C =

    0.0360


best_g =

    4.4000