ac_tr =

    0.5920


ac_val =

    0.8833


ans =

   435    55
    15    95


ac_test =

    0.8725